 0.0000 100.0000 100.0000 100.0000 100.0000 100.0000 100.0000 100.0000 100.0000 100.0000 100.0000 100.0000 100.0000 100.0000 100.0000 100.0000 100.0000 100.0000 100.0000 100.0000  0.0000 
600.0000 349.8628 250.9384 204.4395 179.0901 163.6595 153.5630 146.6980 142.0072 138.9284 137.1656 136.5897 137.2044 139.1547 142.7875 148.8068 158.6553 175.5185 207.2370 275.6860 450.0000 
600.0000 448.5128 349.4513 287.7297 248.2614 221.9849 203.8946 191.2219 182.4023 176.5410 173.1442 171.9888 173.0731 176.6269 183.1886 193.7843 210.2961 236.1815 277.7434 345.5071 450.0000 
600.0000 494.7370 410.6244 348.7664 304.2408 272.1243 248.8085 231.8928 219.8391 211.6890 206.8813 205.1483 206.4722 211.0912 219.5556 232.8458 252.5634 281.1679 322.0482 378.5989 450.0000 
600.0000 519.8108 449.5429 392.4708 347.8112 313.4628 287.3223 267.7018 253.3722 243.4947 237.5438 235.2508 236.5763 241.7102 251.0967 265.4798 285.9439 313.8784 350.6826 396.8403 450.0000 
600.0000 534.9632 475.2655 423.7627 381.0705 346.5934 319.3160 298.2200 282.4531 271.3739 264.5483 261.7347 262.8722 268.0765 277.6412 292.0329 311.8537 337.7195 369.9634 408.0797 450.0000 
600.0000 544.7764 492.7933 446.2440 406.1146 372.5244 345.1282 323.4090 306.8464 294.9994 287.5408 284.2676 285.1012 290.0823 299.3589 313.1568 331.7187 355.1822 383.3720 415.5152 450.0000 
600.0000 551.3492 504.8872 462.3052 424.6197 392.2614 365.2635 343.4414 326.5240 314.2366 306.3481 302.6937 303.1825 307.7929 316.5551 329.5167 346.6822 367.9186 392.8271 420.6090 450.0000 
600.0000 555.7332 513.1013 473.4699 437.7976 406.6379 380.2230 358.5692 341.5715 329.0749 320.9211 316.9765 317.1423 321.3515 329.5519 341.6728 357.5749 376.9827 399.4089 424.0937 450.0000 
600.0000 558.4822 518.3148 480.6756 446.4628 416.2696 390.4214 369.0409 352.1181 339.5702 331.2851 327.1490 327.0586 330.9191 338.6282 350.0477 364.9618 383.0284 403.7322 426.3570 450.0000 
600.0000 559.8809 521.0001 484.4550 451.1082 421.5564 396.1521 375.0547 358.2898 345.8028 337.5000 333.2757 333.0241 336.6380 343.9942 354.9280 369.1961 386.4370 406.1345 427.6019 450.0000 
600.0000 560.0414 521.3496 485.0361 451.9587 422.6957 397.5760 376.7361 360.1837 347.8510 339.6364 335.4298 335.1242 338.6144 345.7828 356.4738 370.4577 387.3889 406.7670 427.9161 450.0000 
600.0000 558.9351 519.3208 482.3812 448.9948 419.6918 394.7198 374.1302 357.8577 345.7812 337.7649 333.6828 333.4285 336.9125 344.0487 354.7268 368.7721 385.8939 405.6284 427.2956 450.0000 
600.0000 556.3781 514.6173 476.1730 441.9474 412.3570 387.4813 367.2071 351.3357 339.6511 331.9592 328.1082 327.9943 331.5586 338.7729 349.6124 364.0100 381.7863 402.5572 425.6379 450.0000 
600.0000 551.9601 506.5973 465.7459 430.2650 400.3076 375.6411 355.8813 340.6271 329.5282 322.3128 318.7964 318.8819 322.5546 329.8718 340.9400 355.8691 374.6841 397.1760 422.6989 450.0000 
600.0000 544.8650 494.0659 449.9483 413.0592 382.9671 358.8944 340.0497 325.7632 315.5218 308.9673 305.8827 306.1822 309.9062 317.2196 328.4066 343.8424 363.9051 388.7639 417.9816 450.0000 
600.0000 533.4339 474.8530 426.9224 389.0561 359.6073 336.9195 319.6601 306.8540 297.8287 292.1519 289.5848 290.0581 293.6685 300.6940 311.6243 327.1888 348.3301 375.9928 410.4635 450.0000 
600.0000 514.0177 444.9899 393.8321 356.6357 329.4864 309.5163 294.8173 284.1639 276.7872 272.2267 270.2464 270.7970 274.0156 280.2634 290.2079 304.9583 326.2336 356.4137 397.8796 450.0000 
600.0000 477.6471 397.2566 346.7805 314.1682 292.1863 276.8421 265.9287 258.1972 252.9294 249.7212 248.3772 248.8680 251.3336 256.1361 263.9857 276.2030 295.2323 325.5487 374.6414 450.0000 
600.0000 399.3140 319.6089 281.8649 261.0704 248.2485 239.7372 233.8582 229.7668 227.0120 225.3516 224.6732 224.9640 226.3148 228.9617 233.3958 240.6356 252.9438 275.9074 325.1372 450.0000 
 0.0000 200.0000 200.0000 200.0000 200.0000 200.0000 200.0000 200.0000 200.0000 200.0000 200.0000 200.0000 200.0000 200.0000 200.0000 200.0000 200.0000 200.0000 200.0000 200.0000  0.0000 
