 0.00  0.0000  0.0000
 0.05  0.0000 100.0000
 0.10  0.0000 100.0000
 0.15  0.0000 100.0000
 0.20  0.0000 100.0000
 0.25  0.0000 100.0000
 0.30  0.0000 100.0000
 0.35  0.0000 100.0000
 0.40  0.0000 100.0000
 0.45  0.0000 100.0000
 0.50  0.0000 100.0000
 0.55  0.0000 100.0000
 0.60  0.0000 100.0000
 0.65  0.0000 100.0000
 0.70  0.0000 100.0000
 0.75  0.0000 100.0000
 0.80  0.0000 100.0000
 0.85  0.0000 100.0000
 0.90  0.0000 100.0000
 0.95  0.0000 100.0000
 1.00  0.0000  0.0000
 0.00  0.0500 600.0000
 0.05  0.0500 349.8609
 0.10  0.0500 250.9348
 0.15  0.0500 204.4344
 0.20  0.0500 179.0836
 0.25  0.0500 163.6518
 0.30  0.0500 153.5544
 0.35  0.0500 146.6888
 0.40  0.0500 141.9975
 0.45  0.0500 138.9186
 0.50  0.0500 137.1558
 0.55  0.0500 136.5802
 0.60  0.0500 137.1954
 0.65  0.0500 139.1465
 0.70  0.0500 142.7802
 0.75  0.0500 148.8006
 0.80  0.0500 158.6503
 0.85  0.0500 175.5146
 0.90  0.0500 207.2344
 0.95  0.0500 275.6847
 1.00  0.0500 450.0000
 0.00  0.1000 600.0000
 0.05  0.1000 448.5092
 0.10  0.1000 349.4444
 0.15  0.1000 287.7197
 0.20  0.1000 248.2488
 0.25  0.1000 221.9701
 0.30  0.1000 203.8779
 0.35  0.1000 191.2040
 0.40  0.1000 182.3835
 0.45  0.1000 176.5219
 0.50  0.1000 173.1252
 0.55  0.1000 171.9705
 0.60  0.1000 173.0558
 0.65  0.1000 176.6110
 0.70  0.1000 183.1745
 0.75  0.1000 193.7722
 0.80  0.1000 210.2863
 0.85  0.1000 236.1740
 0.90  0.1000 277.7385
 0.95  0.1000 345.5046
 1.00  0.1000 450.0000
 0.00  0.1500 600.0000
 0.05  0.1500 494.7318
 0.10  0.1500 410.6144
 0.15  0.1500 348.7521
 0.20  0.1500 304.2227
 0.25  0.1500 272.1029
 0.30  0.1500 248.7845
 0.35  0.1500 231.8670
 0.40  0.1500 219.8120
 0.45  0.1500 211.6615
 0.50  0.1500 206.8540
 0.55  0.1500 205.1219
 0.60  0.1500 206.4474
 0.65  0.1500 211.0684
 0.70  0.1500 219.5353
 0.75  0.1500 232.8284
 0.80  0.1500 252.5493
 0.85  0.1500 281.1572
 0.90  0.1500 322.0411
 0.95  0.1500 378.5954
 1.00  0.1500 450.0000
 0.00  0.2000 600.0000
 0.05  0.2000 519.8042
 0.10  0.2000 449.5302
 0.15  0.2000 392.4526
 0.20  0.2000 347.7882
 0.25  0.2000 313.4357
 0.30  0.2000 287.2919
 0.35  0.2000 267.6690
 0.40  0.2000 253.3379
 0.45  0.2000 243.4599
 0.50  0.2000 237.5092
 0.55  0.2000 235.2173
 0.60  0.2000 236.5448
 0.65  0.2000 241.6813
 0.70  0.2000 251.0710
 0.75  0.2000 265.4578
 0.80  0.2000 285.9259
 0.85  0.2000 313.8649
 0.90  0.2000 350.6736
 0.95  0.2000 396.8358
 1.00  0.2000 450.0000
 0.00  0.2500 600.0000
 0.05  0.2500 534.9555
 0.10  0.2500 475.2506
 0.15  0.2500 423.7413
 0.20  0.2500 381.0434
 0.25  0.2500 346.5614
 0.30  0.2500 319.2801
 0.35  0.2500 298.1813
 0.40  0.2500 282.4127
 0.45  0.2500 271.3328
 0.50  0.2500 264.5076
 0.55  0.2500 261.6953
 0.60  0.2500 262.8350
 0.65  0.2500 268.0424
 0.70  0.2500 277.6109
 0.75  0.2500 292.0070
 0.80  0.2500 311.8326
 0.85  0.2500 337.7035
 0.90  0.2500 369.9528
 0.95  0.2500 408.0745
 1.00  0.2500 450.0000
 0.00  0.3000 600.0000
 0.05  0.3000 544.7678
 0.10  0.3000 492.7766
 0.15  0.3000 446.2200
 0.20  0.3000 406.0842
 0.25  0.3000 372.4886
 0.30  0.3000 345.0881
 0.35  0.3000 323.3657
 0.40  0.3000 306.8011
 0.45  0.3000 294.9534
 0.50  0.3000 287.4952
 0.55  0.3000 284.2234
 0.60  0.3000 285.0595
 0.65  0.3000 290.0442
 0.70  0.3000 299.3249
 0.75  0.3000 313.1277
 0.80  0.3000 331.6951
 0.85  0.3000 355.1643
 0.90  0.3000 383.3600
 0.95  0.3000 415.5093
 1.00  0.3000 450.0000
 0.00  0.3500 600.0000
 0.05  0.3500 551.3399
 0.10  0.3500 504.8693
 0.15  0.3500 462.2793
 0.20  0.3500 424.5869
 0.25  0.3500 392.2227
 0.30  0.3500 365.2202
 0.35  0.3500 343.3947
 0.40  0.3500 326.4752
 0.45  0.3500 314.1869
 0.50  0.3500 306.2988
 0.55  0.3500 302.6461
 0.60  0.3500 303.1376
 0.65  0.3500 307.7517
 0.70  0.3500 316.5185
 0.75  0.3500 329.4854
 0.80  0.3500 346.6567
 0.85  0.3500 367.8993
 0.90  0.3500 392.8143
 0.95  0.3500 420.6026
 1.00  0.3500 450.0000
 0.00  0.4000 600.0000
 0.05  0.4000 555.7235
 0.10  0.4000 513.0825
 0.15  0.4000 473.4429
 0.20  0.4000 437.7633
 0.25  0.4000 406.5975
 0.30  0.4000 380.1777
 0.35  0.4000 358.5204
 0.40  0.4000 341.5205
 0.45  0.4000 329.0230
 0.50  0.4000 320.8697
 0.55  0.4000 316.9267
 0.60  0.4000 317.0954
 0.65  0.4000 321.3085
 0.70  0.4000 329.5136
 0.75  0.4000 341.6400
 0.80  0.4000 357.5482
 0.85  0.4000 376.9625
 0.90  0.4000 399.3955
 0.95  0.4000 424.0871
 1.00  0.4000 450.0000
 0.00  0.4500 600.0000
 0.05  0.4500 558.4724
 0.10  0.4500 518.2957
 0.15  0.4500 480.6481
 0.20  0.4500 446.4279
 0.25  0.4500 416.2285
 0.30  0.4500 390.3754
 0.35  0.4500 368.9912
 0.40  0.4500 352.0662
 0.45  0.4500 339.5174
 0.50  0.4500 331.2327
 0.55  0.4500 327.0984
 0.60  0.4500 327.0109
 0.65  0.4500 330.8753
 0.70  0.4500 338.5893
 0.75  0.4500 350.0144
 0.80  0.4500 364.9346
 0.85  0.4500 383.0079
 0.90  0.4500 403.7185
 0.95  0.4500 426.3502
 1.00  0.4500 450.0000
 0.00  0.5000 600.0000
 0.05  0.5000 559.8711
 0.10  0.5000 520.9811
 0.15  0.5000 484.4278
 0.20  0.5000 451.0737
 0.25  0.5000 421.5157
 0.30  0.5000 396.1065
 0.35  0.5000 375.0055
 0.40  0.5000 358.2384
 0.45  0.5000 345.7504
 0.50  0.5000 337.4481
 0.55  0.5000 333.2255
 0.60  0.5000 332.9768
 0.65  0.5000 336.5945
 0.70  0.5000 343.9556
 0.75  0.5000 354.8949
 0.80  0.5000 369.1692
 0.85  0.5000 386.4166
 0.90  0.5000 406.1210
 0.95  0.5000 427.5952
 1.00  0.5000 450.0000
 0.00  0.5500 600.0000
 0.05  0.5500 560.0319
 0.10  0.5500 521.3313
 0.15  0.5500 485.0098
 0.20  0.5500 451.9253
 0.25  0.5500 422.6563
 0.30  0.5500 397.5318
 0.35  0.5500 376.6885
 0.40  0.5500 360.1339
 0.45  0.5500 347.8004
 0.50  0.5500 339.5862
 0.55  0.5500 335.3812
 0.60  0.5500 335.0784
 0.65  0.5500 338.5724
 0.70  0.5500 345.7454
 0.75  0.5500 356.4418
 0.80  0.5500 370.4317
 0.85  0.5500 387.3692
 0.90  0.5500 406.7539
 0.95  0.5500 427.9096
 1.00  0.5500 450.0000
 0.00  0.6000 600.0000
 0.05  0.6000 558.9261
 0.10  0.6000 519.3035
 0.15  0.6000 482.3563
 0.20  0.6000 448.9633
 0.25  0.6000 419.6547
 0.30  0.6000 394.6782
 0.35  0.6000 374.0853
 0.40  0.6000 357.8108
 0.45  0.6000 345.7334
 0.50  0.6000 337.7176
 0.55  0.6000 333.6371
 0.60  0.6000 333.3853
 0.65  0.6000 336.8729
 0.70  0.6000 344.0135
 0.75  0.6000 354.6966
 0.80  0.6000 368.7476
 0.85  0.6000 385.8754
 0.90  0.6000 405.6161
 0.95  0.6000 427.2895
 1.00  0.6000 450.0000
 0.00  0.6500 600.0000
 0.05  0.6500 556.3699
 0.10  0.6500 514.6014
 0.15  0.6500 476.1501
 0.20  0.6500 441.9185
 0.25  0.6500 412.3229
 0.30  0.6500 387.4431
 0.35  0.6500 367.1659
 0.40  0.6500 351.2927
 0.45  0.6500 339.6073
 0.50  0.6500 331.9158
 0.55  0.6500 328.0662
 0.60  0.6500 327.9547
 0.65  0.6500 331.5222
 0.70  0.6500 338.7406
 0.75  0.6500 349.5847
 0.80  0.6500 363.9875
 0.85  0.6500 381.7693
 0.90  0.6500 402.5458
 0.95  0.6500 425.6323
 1.00  0.6500 450.0000
 0.00  0.7000 600.0000
 0.05  0.7000 551.9528
 0.10  0.7000 506.5832
 0.15  0.7000 465.7256
 0.20  0.7000 430.2393
 0.25  0.7000 400.2773
 0.30  0.7000 375.6072
 0.35  0.7000 355.8446
 0.40  0.7000 340.5888
 0.45  0.7000 329.4893
 0.50  0.7000 322.2742
 0.55  0.7000 318.7590
 0.60  0.7000 318.8466
 0.65  0.7000 322.5223
 0.70  0.7000 329.8430
 0.75  0.7000 340.9154
 0.80  0.7000 355.8491
 0.85  0.7000 374.6690
 0.90  0.7000 397.1659
 0.95  0.7000 422.6939
 1.00  0.7000 450.0000
 0.00  0.7500 600.0000
 0.05  0.7500 544.8587
 0.10  0.7500 494.0538
 0.15  0.7500 449.9310
 0.20  0.7500 413.0371
 0.25  0.7500 382.9412
 0.30  0.7500 358.8653
 0.35  0.7500 340.0184
 0.40  0.7500 325.7304
 0.45  0.7500 315.4885
 0.50  0.7500 308.9342
 0.55  0.7500 305.8507
 0.60  0.7500 306.1521
 0.65  0.7500 309.8786
 0.70  0.7500 317.1950
 0.75  0.7500 328.3855
 0.80  0.7500 343.8253
 0.85  0.7500 363.8921
 0.90  0.7500 388.7552
 0.95  0.7500 417.9773
 1.00  0.7500 450.0000
 0.00  0.8000 600.0000
 0.05  0.8000 533.4289
 0.10  0.8000 474.8432
 0.15  0.8000 426.9083
 0.20  0.8000 389.0382
 0.25  0.8000 359.5862
 0.30  0.8000 336.8959
 0.35  0.8000 319.6346
 0.40  0.8000 306.8273
 0.45  0.8000 297.8016
 0.50  0.8000 292.1249
 0.55  0.8000 289.5587
 0.60  0.8000 290.0336
 0.65  0.8000 293.6460
 0.70  0.8000 300.6739
 0.75  0.8000 311.6072
 0.80  0.8000 327.1748
 0.85  0.8000 348.3195
 0.90  0.8000 375.9857
 0.95  0.8000 410.4600
 1.00  0.8000 450.0000
 0.00  0.8500 600.0000
 0.05  0.8500 514.0139
 0.10  0.8500 444.9824
 0.15  0.8500 393.8214
 0.20  0.8500 356.6222
 0.25  0.8500 329.4704
 0.30  0.8500 309.4984
 0.35  0.8500 294.7980
 0.40  0.8500 284.1437
 0.45  0.8500 276.7666
 0.50  0.8500 272.2063
 0.55  0.8500 270.2267
 0.60  0.8500 270.7785
 0.65  0.8500 273.9986
 0.70  0.8500 280.2483
 0.75  0.8500 290.1950
 0.80  0.8500 304.9478
 0.85  0.8500 326.2256
 0.90  0.8500 356.4083
 0.95  0.8500 397.8770
 1.00  0.8500 450.0000
 0.00  0.9000 600.0000
 0.05  0.9000 477.6445
 0.10  0.9000 397.2516
 0.15  0.9000 346.7733
 0.20  0.9000 314.1592
 0.25  0.9000 292.1757
 0.30  0.9000 276.8302
 0.35  0.9000 265.9158
 0.40  0.9000 258.1837
 0.45  0.9000 252.9157
 0.50  0.9000 249.7076
 0.55  0.9000 248.3641
 0.60  0.9000 248.8556
 0.65  0.9000 251.3223
 0.70  0.9000 256.1260
 0.75  0.9000 263.9770
 0.80  0.9000 276.1959
 0.85  0.9000 295.2269
 0.90  0.9000 325.5451
 0.95  0.9000 374.6396
 1.00  0.9000 450.0000
 0.00  0.9500 600.0000
 0.05  0.9500 399.3127
 0.10  0.9500 319.6064
 0.15  0.9500 281.8614
 0.20  0.9500 261.0659
 0.25  0.9500 248.2432
 0.30  0.9500 239.7313
 0.35  0.9500 233.8518
 0.40  0.9500 229.7602
 0.45  0.9500 227.0052
 0.50  0.9500 225.3449
 0.55  0.9500 224.6667
 0.60  0.9500 224.9579
 0.65  0.9500 226.3092
 0.70  0.9500 228.9567
 0.75  0.9500 233.3915
 0.80  0.9500 240.6322
 0.85  0.9500 252.9412
 0.90  0.9500 275.9057
 0.95  0.9500 325.1363
 1.00  0.9500 450.0000
 0.00  1.0000  0.0000
 0.05  1.0000 200.0000
 0.10  1.0000 200.0000
 0.15  1.0000 200.0000
 0.20  1.0000 200.0000
 0.25  1.0000 200.0000
 0.30  1.0000 200.0000
 0.35  1.0000 200.0000
 0.40  1.0000 200.0000
 0.45  1.0000 200.0000
 0.50  1.0000 200.0000
 0.55  1.0000 200.0000
 0.60  1.0000 200.0000
 0.65  1.0000 200.0000
 0.70  1.0000 200.0000
 0.75  1.0000 200.0000
 0.80  1.0000 200.0000
 0.85  1.0000 200.0000
 0.90  1.0000 200.0000
 0.95  1.0000 200.0000
 1.00  1.0000  0.0000
